5
8
10
13
17
18
20
25
26
28
29
32
35
37
40
41
43
45
50
52
53
55
58
61
62
65
68
72
80
82
83
85
90
92
97
98
99
101
104
109
113
117
118
122
125
126
127
128
133
134
136
145
146
148
152
153
160
162
170
173
178
180
181
185
190
197
200
205
221
225
226
229
234
242
243
244
245
250
257
260
261
265
272
274
281
288
289
290
292
293
305
307
313
320
325
328
333
338
342
353
356
360
362
365
370
371
392
397
400
401
404
405
407
416
419
421
424
425
432
433
442
445
450
457
466
468
469
477
481
485
488
490
493
500
512
513
514
520
530
533
541
545
577
578
580
584
585
592
605
612
613
626
628
629
634
637
640
641
645
648
650
656
657
661
666
677
680
685
689
701
720
722
725
730
733
738
761
765
769
776
785
788
793
794
800
810
811
820
832
833
841
842
845
848
850
854
855
857
863
865
872
882
890
898
901
904
909
925
928
936
944
962
965
968
970
980
986
997
1000